1)
12345
12345
12345
12345
12345
============
2)
12345
1234
123
12
1
=============
3)
00000
11111
00000
11111
00000
=============
4)
    1
   12
  123
 1234
12345
==============
5)
12345
 1234
  123
   12
    1
===============
6)
11111
22222
33333
44444
55555
===============
7)
55555
44444
33333
22222
11111
================
8)
54321
54321
54321
54321
54321
================
9)
11111
2222
333
44
5
================
10)
11111
00000
11111
00000
11111
================
11)
    5
   44
  333
 2222
11111
=================
12)
1
12
123
1234
12345
==================
13)
   1
  2 2
 3 3 3
4 4 4 4
===================
14)
    1
   22
  333
 4444
55555
===================
15)
   1
  333
 55555
7777777
====================

